"Fecha" "Hora" "TempFondo" "TempEntrada" "TempMedio" "CO2Fondo" "CO2Medio" "CO2Entrada" "HRFondo" "HRMedio" "HREntrada" "ConsumoUE03" "Dia" "TipoDia"
"09/01/2014" "9:00" 26.18 27.28 27.99 477.24 510.62 407.26 50.98 49.88 48.95 1.24 "Lunes" "Laborable"
"09/01/2014" "10:00" 25.45 25.78 27.18 670.39 722.58 577.23 46.53 47.41 47.34 3.56 "Lunes" "Laborable"
"09/01/2014" "11:00" 25.46 25.68 26.89 745.01 795.05 671.41 46.45 47.8 47.81 1.39 "Lunes" "Laborable"
"09/01/2014" "12:00" 26.61 27.39 27.71 742.2 796.13 675.12 50.53 51 50.29 0.3 "Lunes" "Laborable"
"09/01/2014" "13:00" 27.31 28.23 28.26 522.25 558.03 544.34 51.37 53 49.86 0.3 "Lunes" "Laborable"
"09/01/2014" "14:00" 27.28 27.98 27.93 552.22 537.57 497.89 47.95 53.52 48.44 3.39 "Lunes" "Laborable"
"09/01/2014" "15:00" 26.59 27.4 27.19 503 501.66 427.63 45.76 53.53 47.73 8 "Lunes" "Laborable"
"09/01/2014" "16:00" 26.51 27.25 26.98 695.73 711.46 583.4 43.22 48.71 45.02 4.4 "Lunes" "Laborable"
"09/01/2014" "17:00" 26.86 27.55 27.18 860.26 838.58 729.81 41.69 49.16 44.28 4.3 "Lunes" "Laborable"
"09/01/2014" "18:00" 27.25 27.91 27.48 712.04 672.56 612.39 42.45 53.15 45.83 4.24 "Lunes" "Laborable"
"09/01/2014" "19:00" 27.54 28.12 27.62 575.64 571.13 475.96 43.39 53.85 46.56 4.1 "Lunes" "Laborable"
"09/02/2014" "9:00" 27.2 28.13 28.75 459.42 527.75 408.26 51.34 50.48 49.26 1.27 "Martes" "Laborable"
"09/02/2014" "10:00" 26.37 26.85 28.07 605.24 680.1 556.32 44.82 47.23 46.44 3.82 "Martes" "Laborable"
"09/02/2014" "11:00" 25.98 26.52 27.47 684.97 753.85 671.53 43.21 48.3 45.65 3.24 "Martes" "Laborable"
"09/02/2014" "12:00" 25.97 26.62 27.22 714.97 704.6 652.39 43.3 50.68 46.17 4.8 "Martes" "Laborable"
"09/02/2014" "13:00" 25.96 26.83 27 645.55 613.17 591.06 45.54 52.83 47.58 9 "Martes" "Laborable"
"09/02/2014" "14:00" 26.45 26.74 27.05 486.38 488.14 441.74 51.7 55.51 50.38 4.35 "Martes" "Laborable"
"09/02/2014" "15:00" 26.71 27.29 27.16 461.62 457.62 380.49 48.81 58.8 51.29 4.41 "Martes" "Laborable"
"09/02/2014" "16:00" 27.37 27.89 27.45 444.6 448.91 365.28 50.59 59.87 52.59 4.8 "Martes" "Laborable"
"09/02/2014" "17:00" 28.02 28.46 27.85 501.95 491.99 421.1 46.4 57.97 50.23 4.9 "Martes" "Laborable"
"09/02/2014" "18:00" 28.26 28.35 27.83 718.85 757.35 624.45 40.13 48.72 43.96 4.45 "Martes" "Laborable"
"09/02/2014" "19:00" 28.64 28.45 28.03 754.94 799.12 661.43 40.57 47.9 44.49 4.39 "Martes" "Laborable"
"09/03/2014" "9:00" 28.1 28.73 29.54 462.03 515.88 410.21 50.22 50.19 49.24 1.26 "Miércoles" "Laborable"
"09/03/2014" "10:00" 27.16 27.5 28.49 620.29 665.53 559.16 44.94 47.16 46.68 3.14 "Miércoles" "Laborable"
"09/03/2014" "11:00" 26.92 26.92 28.05 706.31 743.54 579.81 47.35 48.9 49.12 2.54 "Miércoles" "Laborable"
"09/03/2014" "12:00" 27.09 27.21 27.98 707.8 776.27 625.11 49.94 50.98 50.4 1.95 "Miércoles" "Laborable"
"09/03/2014" "13:00" 26.94 27.12 27.88 772.34 842.56 684.38 47.22 49.29 48.65 2.12 "Miércoles" "Laborable"
"09/03/2014" "14:00" 27.06 27.02 27.76 749.19 811.6 657.95 46.98 49.56 48.8 2.6 "Miércoles" "Laborable"
"09/03/2014" "15:00" 26.99 27.07 27.64 681.65 754.31 614.13 47.04 49.74 48.88 2.51 "Miércoles" "Laborable"
"09/03/2014" "16:00" 27.01 27.08 27.52 695.22 764.81 606.81 46.71 49.33 48.04 2.88 "Miércoles" "Laborable"
"09/03/2014" "17:00" 27.07 27 27.64 807.22 860.97 708.67 45.51 49.17 48.1 2 "Miércoles" "Laborable"
"09/03/2014" "18:00" 27.03 27.09 27.77 782.57 811.15 718.64 44.83 49.96 47.68 2.75 "Miércoles" "Laborable"
"09/03/2014" "19:00" 27.06 26.84 27.8 895.9 967.09 805.66 45.11 49.38 48.32 2.38 "Miércoles" "Laborable"
"09/04/2014" "9:00" 26.71 27.35 28.15 462.55 534.56 406.35 55.81 53.67 53.09 0.13 "Jueves" "Laborable"
"09/04/2014" "10:00" 26.86 27.11 27.97 597.54 661.44 512.57 54.95 53.78 53.87 1.29 "Jueves" "Laborable"
"09/04/2014" "11:00" 26.95 26.7 27.7 744.99 791.76 602.93 55.45 54.46 54.3 1.19 "Jueves" "Laborable"
"09/04/2014" "12:00" 26.87 26.44 27.54 744.47 804.13 605.73 53.03 53.25 53.2 1.43 "Jueves" "Laborable"
"09/04/2014" "13:00" 26.93 26.7 27.53 737.73 769.05 601.98 52.21 53.28 52.8 1.57 "Jueves" "Laborable"
"09/04/2014" "14:00" 26.98 26.56 27.36 803.17 807.6 637.82 51.04 52.79 51.96 2.2 "Jueves" "Laborable"
"09/04/2014" "15:00" 26.92 26.42 27.35 743.58 728.49 547.41 49.41 52.39 52.2 1.28 "Jueves" "Laborable"
"09/04/2014" "16:00" 26.92 26.69 27.45 704.69 735.01 599.09 47.98 51.76 51.09 1.69 "Jueves" "Laborable"
"09/04/2014" "17:00" 27.05 26.75 27.6 731.31 728.24 634.11 48.02 51.98 51.07 1.17 "Jueves" "Laborable"
"09/04/2014" "18:00" 27.62 27.33 27.87 816.31 832.39 741.82 47.99 51.63 50.63 1.35 "Jueves" "Laborable"
"09/04/2014" "19:00" 26.91 26.16 27.39 881.26 917.41 774.29 44.51 48.5 48.12 3.82 "Jueves" "Laborable"
"09/05/2014" "9:00" 25.17 25.45 26.5 495.35 546.83 394.73 55.25 52.62 52.03 1.16 "Viernes" "Laborable"
"09/05/2014" "10:00" 24.92 24.84 26 756.82 826.19 673.91 53.2 52.37 52.44 5 "Viernes" "Laborable"
"09/05/2014" "11:00" 24.96 24.92 25.87 860.36 901.46 765.91 51.58 51.62 51.17 2.52 "Viernes" "Laborable"
"09/05/2014" "12:00" 24.96 25.01 25.87 927.98 995.7 832.1 51.35 51.61 51.02 2.51 "Viernes" "Laborable"
"09/05/2014" "13:00" 25.71 25.79 26.28 859.22 912.38 780.9 52.14 53.08 51.4 0.12 "Viernes" "Laborable"
"09/05/2014" "14:00" 26.74 26.79 26.81 813.34 839.57 585.53 49.26 53.88 51.55 0.3 "Viernes" "Laborable"
"09/05/2014" "15:00" 27.41 27.42 27.31 786.12 793.28 520.81 49.26 53.75 51.39 0.3 "Viernes" "Laborable"
"09/05/2014" "16:00" 27.89 27.95 27.57 657.55 686.55 479.3 48.74 53.15 49.67 1.15 "Viernes" "Laborable"
"09/05/2014" "17:00" 27.17 27.16 26.94 706.49 716.71 540.02 43.66 49.23 46.13 3.83 "Viernes" "Laborable"
"09/05/2014" "18:00" 26.94 26.8 26.75 687.72 694.84 540.41 42.74 49.17 46.04 3.94 "Viernes" "Laborable"
"09/05/2014" "19:00" 26.89 26.57 26.68 709.57 711.69 541.04 42.17 48.65 45.71 3.66 "Viernes" "Laborable"
"09/08/2014" "9:00" 24.36 25.02 25.64 460.12 517.67 395.08 61.71 56.72 55.5 0.14 "Lunes" "Laborable"
"09/08/2014" "10:00" 24.87 25.14 25.88 703.38 805.53 626.34 60.1 56.9 55.71 0.92 "Lunes" "Laborable"
"09/08/2014" "11:00" 24.9 24.82 25.7 784.84 877.58 715.17 58.87 56.19 55.89 1.6 "Lunes" "Laborable"
"09/08/2014" "12:00" 24.97 24.54 25.5 801.38 834.99 669.84 58.45 56.62 56.36 1.48 "Lunes" "Laborable"
"09/08/2014" "13:00" 25.64 25.51 25.92 702.24 788.97 663.02 60.73 59.43 58.35 0.27 "Lunes" "Laborable"
"09/08/2014" "14:00" 25.91 25.47 25.96 674.69 721.24 590.8 54.25 56.4 53.5 2.92 "Lunes" "Laborable"
"09/08/2014" "15:00" 25.95 25.58 25.75 431.03 487.52 368.06 60.92 61.64 57.89 1.88 "Lunes" "Laborable"
"09/08/2014" "16:00" 26 25.79 25.72 512.39 488.21 416.69 56.49 60.37 54.93 7 "Lunes" "Laborable"
"09/08/2014" "17:00" 26.05 25.96 25.6 829.11 844.11 756.17 48.97 53.91 49.39 3.86 "Lunes" "Laborable"
"09/08/2014" "18:00" 26.2 26.25 25.63 924.4 960.09 843.53 47.09 51.67 47.65 3.9 "Lunes" "Laborable"
"09/08/2014" "19:00" 26.55 26.38 25.86 896.16 911.05 802.39 44.95 51.38 47.18 3.93 "Lunes" "Laborable"
"09/09/2014" "9:00" 25.59 26.52 27.07 431.72 502.94 385.8 58.7 55.39 54.27 0.13 "Martes" "Laborable"
"09/09/2014" "10:00" 25.94 26.61 26.99 523.2 611.46 541.79 57.24 55.22 54.22 1.35 "Martes" "Laborable"
"09/09/2014" "11:00" 25.97 26.09 26.66 600.34 660.74 581.05 56.59 54.9 54.33 1.73 "Martes" "Laborable"
"09/09/2014" "12:00" 25.92 25.94 26.45 681.71 722.56 618.32 54.08 54.52 53.13 2.7 "Martes" "Laborable"
"09/09/2014" "13:00" 26.18 26.4 26.6 682.19 720.17 648.45 54.88 56.56 54.2 1.15 "Martes" "Laborable"
"09/09/2014" "14:00" 26.98 27.26 27.02 634.75 658.01 575.81 54.17 57.61 53.39 1.55 "Martes" "Laborable"
"09/09/2014" "15:00" 26.95 27.43 26.96 619.99 644.95 517.24 53.09 57.08 52.89 2.7 "Martes" "Laborable"
"09/09/2014" "16:00" 27.01 27.55 26.98 674.77 664.06 561.78 49.92 54.71 49.57 3.35 "Martes" "Laborable"
"09/09/2014" "17:00" 27.06 27.62 26.99 692.64 679.65 557.74 47.53 52.7 48.46 3.47 "Martes" "Laborable"
"09/09/2014" "18:00" 27.01 27.27 26.79 718.42 712.85 575.39 47.43 52.28 49.15 3.3 "Martes" "Laborable"
"09/09/2014" "19:00" 27 27.1 26.69 682.86 712.98 583.6 45.94 51.07 47.91 2 "Martes" "Laborable"
"09/10/2014" "9:00" 26.13 26.84 27.42 435.67 551.91 437.37 56.8 54.35 53.24 0.14 "Miércoles" "Laborable"
"09/10/2014" "10:00" 26.58 26.98 27.59 589.1 721.99 613.5 53.67 53.46 51.98 1.88 "Miércoles" "Laborable"
"09/10/2014" "11:00" 25.99 25.77 26.95 754.66 850.61 702.32 46.38 49.68 48.29 3.87 "Miércoles" "Laborable"
"09/10/2014" "12:00" 25.8 25.88 26.65 827.29 894.27 783.55 49.35 52 50.22 9 "Miércoles" "Laborable"
"09/10/2014" "13:00" 26.96 27.38 27.22 727.32 836.88 720.66 52.7 54.19 51.47 1.31 "Miércoles" "Laborable"
"09/10/2014" "14:00" 27.02 27.09 27.02 855.89 910.07 772.3 50.67 53.44 50.58 2.38 "Miércoles" "Laborable"
"09/10/2014" "15:00" 26.96 27.33 27.07 690.21 722.88 644.11 50.13 53.51 49.76 2.86 "Miércoles" "Laborable"
"09/10/2014" "16:00" 26.97 27.4 27.09 645.7 683 576.24 48.05 52.6 48.5 6 "Miércoles" "Laborable"
"09/10/2014" "17:00" 27.01 27.37 27.01 865.36 903.05 819.75 45.6 50.64 46.98 3.13 "Miércoles" "Laborable"
"09/10/2014" "18:00" 27.04 26.9 26.93 948.94 1033.97 883.53 45.09 49.82 47.27 3.11 "Miércoles" "Laborable"
"09/10/2014" "19:00" 27.14 27.37 27.12 952.38 1023.16 886.99 41.12 48.07 44.67 3.87 "Miércoles" "Laborable"
"09/11/2014" "9:00" 26.46 27.33 27.96 421.03 500.77 394.36 52.97 51.98 50.87 0.14 "Jueves" "Laborable"
"09/11/2014" "10:00" 26.9 27.61 28.15 529.24 629.65 549.6 53.44 52.48 51.33 1.39 "Jueves" "Laborable"
"09/11/2014" "11:00" 26.81 27.2 27.88 603.35 683.7 580.29 52.31 52 51.38 7 "Jueves" "Laborable"
"09/11/2014" "12:00" 26.98 27.15 27.67 722.89 756.83 625.26 53.47 53.5 52.6 1.6 "Jueves" "Laborable"
"09/11/2014" "13:00" 26.97 27.11 27.53 728.26 772.57 618.5 50.68 52.86 51.4 1.75 "Jueves" "Laborable"
"09/11/2014" "14:00" 27 27.21 27.26 745.3 784 637.23 49.43 51.8 49.7 3 "Jueves" "Laborable"
"09/11/2014" "15:00" 26.94 27.32 27.28 704.08 762.49 629.8 47.9 51.64 49.19 2.39 "Jueves" "Laborable"
"09/11/2014" "16:00" 27.02 27.59 27.3 698.64 764.8 617.7 47.4 51.06 48.27 2.85 "Jueves" "Laborable"
"09/11/2014" "17:00" 27.21 27.75 27.57 810.89 844.3 720.04 42.63 48.4 44.83 3.68 "Jueves" "Laborable"
"09/11/2014" "18:00" 27.19 27.49 27.57 767.27 791.23 682.88 42.03 49.06 45.57 3.9 "Jueves" "Laborable"
"09/11/2014" "19:00" 27.25 27.26 27.48 831.17 887.27 721.84 40.31 46.43 43.96 3.89 "Jueves" "Laborable"
"09/12/2014" "9:00" 26.76 27.71 28.4 402.12 499.26 372.81 55.48 52.74 51.59 0.13 "Viernes" "Laborable"
"09/12/2014" "10:00" 26.94 27.6 28.26 523.45 609.56 495.25 54.11 52.16 51.58 1.58 "Viernes" "Laborable"
"09/12/2014" "11:00" 26.93 27.45 27.94 593.63 670.38 549.76 51.74 52.12 51.22 1.39 "Viernes" "Laborable"
"09/12/2014" "12:00" 26.99 27.41 27.79 705.94 777.57 632.69 51.97 52.43 50.83 1.98 "Viernes" "Laborable"
"09/12/2014" "13:00" 26.96 27.29 27.51 693.92 744.34 542.71 51.48 52.53 51.11 1.76 "Viernes" "Laborable"
"09/12/2014" "14:00" 27.04 27.37 27.36 634.62 685.17 494.65 52.35 53.21 51.43 2.24 "Viernes" "Laborable"
"09/12/2014" "15:00" 26.91 27.36 27.28 539.53 614.38 420.88 53.72 53.84 51.78 1.68 "Viernes" "Laborable"
"09/12/2014" "16:00" 27 27.34 27.36 652.07 704.83 518.09 51.65 52.66 50.54 8 "Viernes" "Laborable"
"09/12/2014" "17:00" 27.03 26.82 27.32 762.41 831.53 649.98 48.06 50.76 49.15 2.88 "Viernes" "Laborable"
"09/12/2014" "18:00" 27.02 26.45 27.21 817.4 885.8 702.18 47.46 50.38 49.31 2.68 "Viernes" "Laborable"
"09/12/2014" "19:00" 26.99 26.21 27.28 765.98 832.58 651.65 49.22 51.1 50.62 2.3 "Viernes" "Laborable"
"15/09/2014" "9:00" 25.73 26.79 27.5 382.95 472.63 366.49 56.43 53.15 52.19 0.14 "Lunes" "Laborable"
"15/09/2014" "10:00" 26.2 27.35 27.71 440.13 596.01 528.31 53.49 52.81 51.63 0.27 "Lunes" "Laborable"
"15/09/2014" "11:00" 26.68 27.66 27.78 476.62 639.77 573.57 52.63 53.09 51.49 0.27 "Lunes" "Laborable"
"15/09/2014" "12:00" 26.93 27.8 27.77 555.23 666.3 589.93 53.02 53.5 51.35 0.85 "Lunes" "Laborable"
"15/09/2014" "13:00" 26.91 27.53 27.49 696.95 754.69 594.79 53.91 54.31 52.13 1.38 "Lunes" "Laborable"
"15/09/2014" "14:00" 26.92 27.2 27.04 705.32 738.54 527.53 54.06 54.94 52.27 1.23 "Lunes" "Laborable"
"15/09/2014" "15:00" 26.88 27.3 27.11 600.08 655.1 467.54 54.83 55.39 52.48 0.99 "Lunes" "Laborable"
"15/09/2014" "16:00" 26.93 27.14 27.02 705.88 737.19 557.75 52.74 54.17 51.59 1.65 "Lunes" "Laborable"
"15/09/2014" "17:00" 27.03 27.11 26.94 762.97 799.46 634.22 50.47 53.27 50.37 2.53 "Lunes" "Laborable"
"15/09/2014" "18:00" 26.96 26.83 26.53 713.34 771 566.73 49.9 53.02 50.05 2 "Lunes" "Laborable"
"15/09/2014" "19:00" 27.01 26.39 26.69 629 700.72 478.79 51.66 53.47 52.17 4 "Lunes" "Laborable"
"16/09/2014" "9:00" 25.33 26.02 26.82 358.26 439.85 334.74 60.89 56.33 55.39 0.13 "Martes" "Laborable"
"16/09/2014" "10:00" 25.86 26.34 26.95 509.64 670.74 528.25 60.66 57.45 56.63 0.26 "Martes" "Laborable"
"16/09/2014" "11:00" 26.58 27.13 27.23 663.17 880.27 753.87 59.39 57.64 55.76 0.26 "Martes" "Laborable"
"16/09/2014" "12:00" 26.9 27.61 27.39 628.61 825.56 755.98 56.55 57.46 54.52 0.83 "Martes" "Laborable"
"16/09/2014" "13:00" 26.88 27.5 27.21 624.96 745.92 684.83 54.79 57.64 53.93 1.24 "Martes" "Laborable"
"16/09/2014" "14:00" 26.98 27.27 26.96 776.38 845.15 733.74 53.4 56.19 52.45 2.9 "Martes" "Laborable"
"16/09/2014" "15:00" 26.93 27.23 26.96 710.91 743.9 650.6 52.27 54.69 51.3 1.88 "Martes" "Laborable"
"16/09/2014" "16:00" 26.97 27.03 26.83 710.36 763.49 615.06 51.32 53.87 50.94 1.96 "Martes" "Laborable"
"16/09/2014" "17:00" 27.04 26.92 26.8 747.53 798.03 643.33 49.04 52.75 49.6 2.6 "Martes" "Laborable"
"16/09/2014" "18:00" 26.93 26.62 26.64 856.86 919.35 748.73 48.71 52.46 49.97 2.5 "Martes" "Laborable"
"16/09/2014" "19:00" 26.91 26.35 26.7 816.2 883.3 676.35 50.65 53.44 51.59 1.82 "Martes" "Laborable"
"17/09/2014" "9:00" 25.32 26.15 26.74 399.56 498.66 337.68 60.26 56.11 54.88 0.14 "Miércoles" "Laborable"
"17/09/2014" "10:00" 25.66 26.05 26.23 489.65 581.38 355.96 59.66 57.23 55.29 0.26 "Miércoles" "Laborable"
"17/09/2014" "11:00" 26.25 26.37 26.52 542.9 606.9 422.06 59 57.52 55.59 6 "Miércoles" "Laborable"
"17/09/2014" "12:00" 26.84 26.98 26.92 641.7 744.74 579.11 57.95 57.59 55.14 0.26 "Miércoles" "Laborable"
"17/09/2014" "13:00" 26.98 26.95 26.89 728.46 819.6 647.93 55.34 55.99 53.61 1.26 "Miércoles" "Laborable"
"17/09/2014" "14:00" 26.88 26.62 26.76 735.89 825.91 675.17 56.58 57.17 55.19 0.83 "Miércoles" "Laborable"
"17/09/2014" "15:00" 26.91 26.94 26.71 665.33 745.07 582.26 55.79 57.06 54.25 1.21 "Miércoles" "Laborable"
"17/09/2014" "16:00" 26.92 26.92 26.58 623.32 715.09 544.73 55.01 56.51 53.52 1.45 "Miércoles" "Laborable"
"17/09/2014" "17:00" 26.98 26.58 26.52 717.85 802.15 649.62 53.64 55.88 53.22 1.35 "Miércoles" "Laborable"
"17/09/2014" "18:00" 26.94 26.47 26.52 796.81 857.71 711.69 53.76 55.77 53.45 1.83 "Miércoles" "Laborable"
"17/09/2014" "19:00" 26.97 26.73 26.48 694.49 769.67 579.75 50.74 54.07 51.03 1.95 "Miércoles" "Laborable"
"18/09/2014" "9:00" 24.82 25.74 26.32 348.52 465.42 341.95 58.79 55.19 54.16 0.14 "Jueves" "Laborable"
"18/09/2014" "10:00" 25.43 26.02 26.42 502.31 648.71 501.44 58.06 55.97 54.46 0.26 "Jueves" "Laborable"
"18/09/2014" "11:00" 26.01 26.4 26.68 532.7 694.31 541.73 56.13 55.51 53.61 0.27 "Jueves" "Laborable"
"18/09/2014" "12:00" 26.36 26.7 26.86 547.32 721.19 555.72 55.28 55.3 53.15 0.27 "Jueves" "Laborable"
"18/09/2014" "13:00" 26.71 27.11 27 612.97 717.79 542.58 54.59 55.07 52.14 7 "Jueves" "Laborable"
"18/09/2014" "14:00" 26.84 27.19 26.96 595.86 716.53 554.8 52.28 54.54 51.74 0.96 "Jueves" "Laborable"
"18/09/2014" "15:00" 26.8 27.11 26.85 585.52 725.6 593.54 52.28 54.67 51.86 0.62 "Jueves" "Laborable"
"18/09/2014" "16:00" 26.86 27 26.77 626.76 730.58 578.76 53.41 54.99 52.23 6 "Jueves" "Laborable"
"18/09/2014" "17:00" 27.03 26.89 26.88 630.56 779.37 618.93 54.98 56.16 53.85 0.56 "Jueves" "Laborable"
"18/09/2014" "18:00" 26.93 26.48 26.84 736.73 842.66 663.11 53.36 54.99 53 3 "Jueves" "Laborable"
"18/09/2014" "19:00" 26.85 26.33 26.84 709.84 806.25 642.12 56.52 56.68 55.31 0.86 "Jueves" "Laborable"
"19/09/2014" "9:00" 24.31 25.09 25.68 357.56 484 351.92 60.92 56.47 55.24 4 "Viernes" "Laborable"
"19/09/2014" "10:00" 25.04 25.59 25.89 511.01 667.43 550.39 60.1 57.45 55.77 0.27 "Viernes" "Laborable"
"19/09/2014" "11:00" 25.79 26.13 26.28 636.47 745.7 581.42 58.94 57.57 55.23 0.27 "Viernes" "Laborable"
"19/09/2014" "12:00" 26.34 26.44 26.49 674.8 690.83 504.73 57.51 57.09 54.43 0.27 "Viernes" "Laborable"
"19/09/2014" "13:00" 26.67 26.5 26.5 625.84 643.13 451.43 55.97 56.5 53.6 0.27 "Viernes" "Laborable"
"19/09/2014" "14:00" 26.75 26.44 26.5 624.29 631.82 414.75 55.32 56.22 53.57 0.44 "Viernes" "Laborable"
"19/09/2014" "15:00" 26.69 26.43 26.51 495.41 571.61 391.32 55.91 56.56 54.19 0.27 "Viernes" "Laborable"
"19/09/2014" "16:00" 26.89 26.62 26.71 625.07 709.74 512.99 56.17 57.09 54.67 0.68 "Viernes" "Laborable"
"19/09/2014" "17:00" 26.86 26.32 26.39 666.98 722.08 512.82 57.28 58.08 55.77 0.79 "Viernes" "Laborable"
"19/09/2014" "18:00" 26.89 26.1 26.42 657.63 737.15 551.45 57.57 58.33 56.57 0.44 "Viernes" "Laborable"
"19/09/2014" "19:00" 26.79 26.42 26.74 588.73 676.9 582.86 58.07 58.09 56.24 0.27 "Viernes" "Laborable"
"22/09/2014" "9:00" 24.62 25.49 25.84 412.75 475.98 348.87 62.47 57.73 56 4 "Lunes" "Laborable"
"22/09/2014" "10:00" 25.3 25.86 26.07 413.8 538.63 409.1 61.34 58.36 56.21 0.27 "Lunes" "Laborable"
"22/09/2014" "11:00" 25.81 25.94 26.12 395.81 539.77 392.46 59.82 58.41 55.88 0.27 "Lunes" "Laborable"
"22/09/2014" "12:00" 26.25 26.5 26.49 435.69 595.82 447.92 58.38 57.87 54.91 0.27 "Lunes" "Laborable"
"22/09/2014" "13:00" 26.78 26.89 26.78 423.03 597.77 443.52 55.36 56.89 53.56 0.45 "Lunes" "Laborable"
"22/09/2014" "14:00" 26.91 26.95 26.78 435.33 546.56 419.71 54.49 56.36 52.86 1.5 "Lunes" "Laborable"
"22/09/2014" "15:00" 26.94 26.73 26.46 373.3 472.68 340.18 56.88 58.34 54.09 1.49 "Lunes" "Laborable"
"22/09/2014" "16:00" 26.98 26.25 26.27 381.78 472.6 337.03 56.42 59.09 55.53 1.22 "Lunes" "Laborable"
"22/09/2014" "17:00" 26.87 26.2 26.36 395.72 490.51 353.91 56.47 59.25 56.26 1.44 "Lunes" "Laborable"
"22/09/2014" "18:00" 26.91 25.91 26.19 399.61 488.45 358.15 58.74 59.94 57.25 1 "Lunes" "Laborable"
"22/09/2014" "19:00" 26.86 25.9 26.31 420.42 501.58 386.02 60.11 60.46 58.57 0.84 "Lunes" "Laborable"
"23/09/2014" "9:00" 24.61 25.43 25.92 355.83 454.01 340.24 62.52 57.78 56.77 0.14 "Martes" "Laborable"
"23/09/2014" "10:00" 25.14 25.4 25.86 402.49 509.85 394.71 60.15 58.09 56.55 0.27 "Martes" "Laborable"
"23/09/2014" "11:00" 25.55 25.45 25.88 404.51 525.27 393.41 57.89 57.36 55.5 0.27 "Martes" "Laborable"
"23/09/2014" "12:00" 25.93 25.76 26.1 406.23 531.28 380.43 56.68 57.03 54.76 0.27 "Martes" "Laborable"
"23/09/2014" "13:00" 26.11 26.07 26.27 409.6 521.62 408.26 56.06 56.55 54.15 0.27 "Martes" "Laborable"
"23/09/2014" "14:00" 26.43 26.41 26.63 483.39 610.05 470.21 55.34 56.18 53.71 0.27 "Martes" "Laborable"
"23/09/2014" "15:00" 26.57 26.65 26.76 471.12 592.27 432.26 53.84 55.54 52.79 0.27 "Martes" "Laborable"
"23/09/2014" "16:00" 26.79 26.88 26.74 477.49 589.84 465.48 52.23 54.82 51.6 0.8 "Martes" "Laborable"
"23/09/2014" "17:00" 26.9 26.73 26.58 482.34 613.83 480.77 51.87 55.1 51.71 1.2 "Martes" "Laborable"
"23/09/2014" "18:00" 26.88 26.24 26.39 454.9 565.48 435.6 50.85 54.57 51.51 0.81 "Martes" "Laborable"
"23/09/2014" "19:00" 26.83 26.34 26.43 456.11 534.54 428.28 50.57 54.17 51.45 0.77 "Martes" "Laborable"
"24/09/2014" "9:00" 23.52 24.37 24.95 468.99 537.96 380.43 56.36 53.24 51.97 0.14 "Miércoles" "Laborable"
"24/09/2014" "10:00" 24 24.67 25.17 667.48 805.79 624.3 54.48 53.34 51.75 7 "Miércoles" "Laborable"
"24/09/2014" "11:00" 24.54 25.05 25.08 752.67 849.45 719 53.45 53.69 51.78 7 "Miércoles" "Laborable"
"24/09/2014" "12:00" 24.95 25.46 25.31 718.32 809.54 674.88 52.53 53.75 51.32 0.27 "Miércoles" "Laborable"
"24/09/2014" "13:00" 25.31 25.54 25.51 410.66 583.93 438.6 48.54 52.71 49.65 0.27 "Miércoles" "Laborable"
"24/09/2014" "14:00" 25.61 25.74 25.39 387.04 517.33 378.05 46.38 51.74 48.18 0.27 "Miércoles" "Laborable"
"24/09/2014" "15:00" 26.15 26.61 25.93 395.38 548.63 391.31 44.72 50.92 46.79 0.27 "Miércoles" "Laborable"
"24/09/2014" "16:00" 26.82 27.16 26.36 403.43 544.33 401.25 42.44 49.97 45.4 0.27 "Miércoles" "Laborable"
"24/09/2014" "17:00" 27.07 27.32 26.52 424.95 537.22 426.05 41.56 49.15 44.57 1.65 "Miércoles" "Laborable"
"24/09/2014" "18:00" 26.93 26.99 26.21 436.21 535.74 385.94 43.4 50.09 45.59 1.56 "Miércoles" "Laborable"
"24/09/2014" "19:00" 26.91 27.19 26.41 462.83 550.27 410.01 45.12 50.81 46.5 1.43 "Miércoles" "Laborable"
"25/09/2014" "9:00" 23.21 24.55 24.89 447.34 536.64 398.2 51.83 50.85 49.44 0.14 "Jueves" "Laborable"
"25/09/2014" "10:00" 23.52 24.78 24.81 688.21 764.32 613.11 50.67 50.74 48.79 0.27 "Jueves" "Laborable"
"25/09/2014" "11:00" 24 25.13 25.01 744.57 809.96 690.71 49.78 51.03 48.79 7 "Jueves" "Laborable"
"25/09/2014" "12:00" 24.49 25.52 25.31 768.32 879.65 709.13 49.27 51.45 48.79 0.27 "Jueves" "Laborable"
"25/09/2014" "13:00" 24.96 25.89 25.45 746 818.49 629.57 49.03 51.9 48.82 7 "Jueves" "Laborable"
"25/09/2014" "14:00" 25.46 26.18 25.61 521.79 655.51 463.65 48.73 52.04 48.22 0.27 "Jueves" "Laborable"
"25/09/2014" "15:00" 26.02 26.87 25.91 446.45 646.74 460.33 47.91 52.11 47.57 0.27 "Jueves" "Laborable"
"25/09/2014" "16:00" 26.77 27.77 26.41 643.33 808.8 616.19 47.73 52.44 47.33 0.55 "Jueves" "Laborable"
"25/09/2014" "17:00" 26.92 27.82 26.59 540.22 667.95 540.21 46.54 52.08 46.71 1.8 "Jueves" "Laborable"
"25/09/2014" "18:00" 27 27.16 26.16 530.23 582.84 446.61 45.19 51.8 46.44 3 "Jueves" "Laborable"
"25/09/2014" "19:00" 26.88 26.16 25.48 409.65 482.58 354.12 44.72 52.46 48.06 1.31 "Jueves" "Laborable"
"26/09/2014" "9:00" 23.21 24.48 24.77 408.91 503.04 387.09 51.37 50.75 49.1 0.14 "Viernes" "Laborable"
"26/09/2014" "10:00" 23.62 24.9 25.04 567.52 692.96 560.51 50.59 51.08 49.02 0.27 "Viernes" "Laborable"
"26/09/2014" "11:00" 24.15 25.3 25.29 642.82 763.08 631.41 50.21 51.43 49.17 0.27 "Viernes" "Laborable"
"26/09/2014" "12:00" 24.65 25.76 25.55 611.95 742.91 595.36 50.36 51.72 49 4 "Viernes" "Laborable"
"26/09/2014" "13:00" 25.7 26.75 26.24 622.49 763.37 542.7 49.51 51.94 48.12 2.48 "Viernes" "Laborable"
"26/09/2014" "14:00" 26.44 27.18 26.56 555.11 662.53 468.63 48.3 51.68 47.68 0.41 "Viernes" "Laborable"
"26/09/2014" "15:00" 26.88 27.39 26.61 417.21 518.22 384.68 49.12 52.87 48.13 0.3 "Viernes" "Laborable"
"26/09/2014" "16:00" 27.45 27.92 27.04 424.69 463.06 367.17 45.91 51.45 46.63 0.84 "Viernes" "Laborable"
"26/09/2014" "17:00" 26.82 27.66 26.69 667.21 555.24 561.11 40.79 50.12 44.09 3.67 "Viernes" "Laborable"
"26/09/2014" "18:00" 26.5 27.31 26.4 660.01 570.07 549.92 40.57 50.16 44.48 3.79 "Viernes" "Laborable"
"26/09/2014" "19:00" 26.86 27.4 26.6 459.07 505.6 414.32 43.84 50.36 45.26 1.15 "Viernes" "Laborable"
"29/09/2014" "9:00" 23.57 24.62 24.69 445.08 529.72 389.58 58.46 55.23 53.2 0.14 "Lunes" "Laborable"
"29/09/2014" "10:00" 24.17 25.15 24.92 696.6 790.57 644.48 56.85 55.5 52.75 0.27 "Lunes" "Laborable"
"29/09/2014" "11:00" 24.81 25.6 25.48 701.06 804.22 651.22 54.92 55.01 52.22 0.27 "Lunes" "Laborable"
"29/09/2014" "12:00" 25.12 25.72 25.49 700.99 754.36 534.48 54.71 55.12 52.02 0.27 "Lunes" "Laborable"
"29/09/2014" "13:00" 25.54 26.07 25.77 716.45 745.54 535.85 54.36 55.12 51.72 0.27 "Lunes" "Laborable"
"29/09/2014" "14:00" 25.88 26.45 25.92 700.18 720.52 510.42 53.2 54.81 50.69 0.91 "Lunes" "Laborable"
"29/09/2014" "15:00" 25.91 26.71 25.93 618.18 669.8 506.59 51.94 54.29 49.81 1.28 "Lunes" "Laborable"
"29/09/2014" "16:00" 26 26.95 26 603.54 684.47 554.25 49.76 53.73 48.61 8 "Lunes" "Laborable"
"29/09/2014" "17:00" 25.98 26.45 25.8 759.27 757.98 510.16 47.59 52.95 48.56 2.72 "Lunes" "Laborable"
"29/09/2014" "18:00" 26.02 26.65 25.94 795.22 763.14 677.55 43.67 50.91 45.72 3.43 "Lunes" "Laborable"
"29/09/2014" "19:00" 25.98 26.38 25.81 840.45 802.63 736.58 41.11 49.75 44.23 3.17 "Lunes" "Laborable"
"30/09/2014" "9:00" 23.46 24.64 24.88 492.39 538.25 379.67 53.38 52.03 50.22 0.14 "Martes" "Laborable"
"30/09/2014" "10:00" 23.89 25 25.05 666.35 704.79 593.5 51.15 51.39 49.53 7 "Martes" "Laborable"
"30/09/2014" "11:00" 24.34 25.43 25.4 714.81 781.27 636.84 49.91 51.28 48.99 0.27 "Martes" "Laborable"
"30/09/2014" "12:00" 24.82 25.79 25.5 715.07 776.53 606 49.75 51.82 49.06 7 "Martes" "Laborable"
"30/09/2014" "13:00" 25.34 26.11 25.64 728.49 771.66 525.91 50.21 52.72 49.69 0.27 "Martes" "Laborable"
"30/09/2014" "14:00" 25.88 26.49 26 532.66 664.55 494.2 49.65 52.91 49.1 8 "Martes" "Laborable"
"30/09/2014" "15:00" 25.91 26.82 25.87 551.24 619 487.16 50.68 53.97 49.43 3 "Martes" "Laborable"
"30/09/2014" "16:00" 25.93 26.98 25.77 618.94 610.72 476.29 51.41 54.48 49.51 1.81 "Martes" "Laborable"
"30/09/2014" "17:00" 25.93 27.04 25.84 702.94 715.24 559.83 50.01 53.67 48.69 2.72 "Martes" "Laborable"
"30/09/2014" "18:00" 25.99 26.82 25.96 786.66 747.95 671.27 44.11 51.62 45.35 3 "Martes" "Laborable"
"30/09/2014" "19:00" 25.92 26.51 25.91 682.04 670.89 584.79 50.58 53.48 49.16 0.97 "Martes" "Laborable"
"10/01/2014" "9:00" 23.93 24.95 24.7 744.16 814.27 636.48 52.21 52.42 49.94 0.27 "Miércoles" "Laborable"
"10/01/2014" "10:00" 24.4 25.34 25.08 737.65 863.61 682.76 50.81 52.36 49.73 0.27 "Miércoles" "Laborable"
"10/01/2014" "11:00" 24.92 25.71 25.5 792.33 895.48 670.18 50.71 52.71 49.8 0.27 "Miércoles" "Laborable"
"10/01/2014" "12:00" 25.48 26.01 25.73 779.67 866.63 579.91 50.77 53.29 50.16 0.27 "Miércoles" "Laborable"
"10/01/2014" "13:00" 25.9 26.44 25.86 750.83 806.07 608.75 51.09 54.28 50.38 1.7 "Miércoles" "Laborable"
"10/01/2014" "14:00" 25.92 26.96 25.89 622.2 699.21 538.49 52.2 55.28 50.17 0.91 "Miércoles" "Laborable"
"10/01/2014" "15:00" 26.07 27.11 25.93 720.24 732.66 561.61 52.08 55.45 50.02 2.74 "Miércoles" "Laborable"
"10/01/2014" "16:00" 25.95 26.86 25.64 625.87 633.75 459.75 50.42 54.2 49.93 3.25 "Miércoles" "Laborable"
"10/01/2014" "17:00" 26.23 27.09 26.08 523.47 510.53 416.79 48.47 54.82 48.53 3.83 "Miércoles" "Laborable"
"10/01/2014" "18:00" 26.45 26.92 26.08 430.88 467.99 368.39 54.32 56.7 51 5 "Miércoles" "Laborable"
"10/01/2014" "19:00" 27.41 27.36 26.56 387.61 453.31 334.54 52.81 56.28 51.09 0.3 "Miércoles" "Laborable"
"10/02/2014" "9:00" 24.45 25.38 25.61 652.09 767.06 580.15 54.33 53.73 51.52 0.26 "Jueves" "Laborable"
"10/02/2014" "10:00" 24.91 25.91 26.03 643.1 768.55 642.6 53.59 53.81 51.61 0.26 "Jueves" "Laborable"
"10/02/2014" "11:00" 25.3 26.45 26.22 559.84 722.13 581.43 54.61 54.3 51.42 0.26 "Jueves" "Laborable"
"10/02/2014" "12:00" 25.84 26.78 26.35 620.44 713.97 617.25 54.37 54.92 51.53 0.97 "Jueves" "Laborable"
"10/02/2014" "13:00" 25.95 26.54 26.04 544.6 580.42 515.18 54.23 56.13 51.68 2.2 "Jueves" "Laborable"
"10/02/2014" "14:00" 25.93 26.75 25.92 474.85 494.86 406.71 53.57 57.27 52.01 1.26 "Jueves" "Laborable"
"10/02/2014" "15:00" 26.09 27.06 26.1 543.17 502.94 432.73 51.4 56.3 49.62 3.21 "Jueves" "Laborable"
"10/02/2014" "16:00" 26.14 27.1 26.09 664.82 530.26 530.3 44.54 55.05 46.88 3.88 "Jueves" "Laborable"
"10/02/2014" "17:00" 26.39 27.21 26.16 726.85 570.75 601.47 42.37 55 46.85 7 "Jueves" "Laborable"
"10/02/2014" "18:00" 26.38 27.08 26.21 585.38 545.06 527.38 46.46 54.65 47.89 3.81 "Jueves" "Laborable"
"10/02/2014" "19:00" 26.41 27.08 26.29 470.64 480.15 413.18 49.09 55.57 49.17 0.85 "Jueves" "Laborable"
"10/03/2014" "9:00" 24.94 25.88 26.16 644.37 802.34 634.79 54.06 53.42 51.51 0.27 "Viernes" "Laborable"
"10/03/2014" "10:00" 25.54 26.41 26.26 777.52 878.68 670.63 53.11 53.8 51.07 0.27 "Viernes" "Laborable"
"10/03/2014" "11:00" 25.98 26.93 26.52 741.85 880.97 696.2 51.43 53.7 50.29 0.99 "Viernes" "Laborable"
"10/03/2014" "12:00" 25.92 26.55 26.29 849.57 835.74 663.89 52.87 54.4 51.36 1.57 "Viernes" "Laborable"
"10/03/2014" "13:00" 25.93 26.61 26.04 705.21 729.57 566.09 51.63 54.53 50.55 1.78 "Viernes" "Laborable"
"10/03/2014" "14:00" 26.02 26.97 26.13 592.21 631.99 452.31 50.28 55.01 50.24 2.18 "Viernes" "Laborable"
"10/03/2014" "15:00" 26.1 27.07 26.25 666 652.38 501.08 49.12 53.11 48.52 9 "Viernes" "Laborable"
"10/03/2014" "16:00" 26.21 27.12 26.26 804.34 787.18 686.46 44.08 51.59 45.63 3.81 "Viernes" "Laborable"
"10/03/2014" "17:00" 26.39 27.02 26.18 881.72 882.16 780.41 42.39 50.42 44.66 3.55 "Viernes" "Laborable"
"10/03/2014" "18:00" 26.02 26.47 25.94 705.07 750.46 601.89 45.35 50.27 46.16 2.42 "Viernes" "Laborable"
"10/03/2014" "19:00" 25.93 26.46 26.08 496.97 571.05 397.2 51.17 53.22 49.68 0.9 "Viernes" "Laborable"
"10/06/2014" "9:00" 23.1 23.75 23.53 668.53 709.99 614.66 57.29 56.31 53.58 0.27 "Lunes" "Laborable"
"10/06/2014" "10:00" 23.72 24.11 23.81 713.79 738.28 628.69 57.09 56.95 54.03 0.27 "Lunes" "Laborable"
"10/06/2014" "11:00" 24.15 24.4 24.01 700.82 721.22 593.73 57.5 57.54 54.52 0.27 "Lunes" "Laborable"
"10/06/2014" "12:00" 24.44 24.62 24.17 655.26 697.64 588.35 58.19 58.08 54.9 0.27 "Lunes" "Laborable"
"10/06/2014" "13:00" 24.75 24.83 24.47 649.95 715.72 583.13 58.8 58.72 55.47 0.27 "Lunes" "Laborable"
"10/06/2014" "14:00" 24.83 24.95 24.69 566.41 664.44 548.79 59.36 59.18 55.96 0.27 "Lunes" "Laborable"
"10/06/2014" "15:00" 24.82 24.6 24.47 578.71 644.75 459.4 60.17 59.72 56.49 0.27 "Lunes" "Laborable"
"10/06/2014" "16:00" 24.98 24.46 24.5 563.11 667.39 488.53 59.33 59.37 56.65 0.27 "Lunes" "Laborable"
"10/06/2014" "17:00" 25.08 24.64 24.6 585.62 631.3 460.45 58.35 58.79 55.97 0.27 "Lunes" "Laborable"
"10/06/2014" "18:00" 25.18 25.03 24.89 588.46 632.13 463.57 57.9 58.51 55.22 0.27 "Lunes" "Laborable"
"10/06/2014" "19:00" 24.84 25.05 24.9 468.85 536.71 410.95 58.38 58.1 54.74 0.14 "Lunes" "Laborable"
"10/07/2014" "9:00" 22.68 23.16 22.94 638.99 702.64 590.82 60.67 58.38 55.68 0.27 "Martes" "Laborable"
"10/07/2014" "10:00" 23.25 23.55 23.18 693.25 765.72 637.45 59.41 58.65 55.56 0.27 "Martes" "Laborable"
"10/07/2014" "11:00" 23.79 23.95 23.59 708.52 805.71 638.49 58.75 58.85 55.45 0.27 "Martes" "Laborable"
"10/07/2014" "12:00" 24.41 24.43 24.15 773.01 862.7 711.41 57.81 58.51 55.04 0.27 "Martes" "Laborable"
"10/07/2014" "13:00" 24.78 24.64 24.38 780.81 876.63 698.17 57.25 58.4 54.77 0.27 "Martes" "Laborable"
"10/07/2014" "14:00" 24.79 24.57 24.12 593.88 601.25 417.02 56.19 57.09 53.07 0.27 "Martes" "Laborable"
"10/07/2014" "15:00" 24.94 24.8 24.38 599.35 690.57 551.99 55.92 57.52 53.72 0.27 "Martes" "Laborable"
"10/07/2014" "16:00" 25.26 25.09 24.7 676.27 749.77 647.48 56.53 58.1 54.48 0.27 "Martes" "Laborable"
"10/07/2014" "17:00" 25.61 25.2 25.02 735.54 824.16 669.01 57.06 58.52 55.04 0.27 "Martes" "Laborable"
"10/07/2014" "18:00" 25.67 25.23 25.16 745.34 787.08 633.62 57.47 58.73 55.54 0.27 "Martes" "Laborable"
"10/07/2014" "19:00" 25.18 25.14 25.04 605.12 676.59 603.28 58.56 58.91 56.28 0.27 "Martes" "Laborable"
"10/08/2014" "9:00" 23.51 23.8 24.01 597.84 691.58 615.83 62.84 60.02 57.9 0.27 "Miércoles" "Laborable"
"10/08/2014" "10:00" 24.16 24.11 24.16 769.7 847.23 751.92 62.12 60.61 58.44 0.27 "Miércoles" "Laborable"
"10/08/2014" "11:00" 24.63 24.39 24.39 732.68 842.39 748.39 62.1 61 58.66 7 "Miércoles" "Laborable"
"10/08/2014" "12:00" 24.86 24.54 24.55 708.09 794.89 699.42 61.89 60.88 58.32 0.27 "Miércoles" "Laborable"
"10/08/2014" "13:00" 25.05 24.69 24.86 725.24 830.83 711.36 60.73 60.26 57.68 0.27 "Miércoles" "Laborable"
"10/08/2014" "14:00" 24.91 24.67 24.55 640.6 775.6 654.91 60.14 59.79 57.05 0.27 "Miércoles" "Laborable"
"10/08/2014" "15:00" 24.86 24.68 24.42 610.54 740.51 626.43 59.33 59.24 56.39 0.27 "Miércoles" "Laborable"
"10/08/2014" "16:00" 25.05 24.94 24.74 691.26 812.93 694.95 58.13 58.62 55.69 0.27 "Miércoles" "Laborable"
"10/08/2014" "17:00" 25.2 25.08 25.04 731.54 784.25 677.08 57.35 58.03 54.91 0.27 "Miércoles" "Laborable"
"10/08/2014" "18:00" 25.08 24.98 24.95 659.93 708.77 569.75 56.69 57.31 53.98 0.27 "Miércoles" "Laborable"
"10/08/2014" "19:00" 24.52 24.71 24.78 493.39 593.23 464.5 56.92 56.61 53.49 0.14 "Miércoles" "Laborable"
"10/09/2014" "9:00" 22.14 22.64 22.57 656.68 723.25 602.09 60.43 58.12 55.72 0.27 "Jueves" "Laborable"
"10/09/2014" "10:00" 22.81 23.08 23.18 722.59 780.44 706.51 58.86 57.99 55.69 0.27 "Jueves" "Laborable"
"10/09/2014" "11:00" 23.18 23.3 23.3 737.91 824.48 727.99 58.37 58.14 55.63 0.27 "Jueves" "Laborable"
"10/09/2014" "12:00" 23.66 23.7 23.72 810.26 866.82 752.69 57.77 58.23 55.48 0.27 "Jueves" "Laborable"
"10/09/2014" "13:00" 23.91 23.84 23.77 768.27 792.81 689.8 57.51 58.16 55.19 0.27 "Jueves" "Laborable"
"10/09/2014" "14:00" 23.84 23.91 23.71 673.5 759.85 635.31 57.62 58.45 55.29 0.27 "Jueves" "Laborable"
"10/09/2014" "15:00" 24.31 24.68 24.04 740.71 786.78 615.54 57.81 58.68 53.97 0.27 "Jueves" "Laborable"
"10/09/2014" "16:00" 24.86 25.48 24.71 564.47 734.21 589.3 55.31 57.56 52.69 0.27 "Jueves" "Laborable"
"10/09/2014" "17:00" 24.97 25.18 24.68 624.03 790.39 611.66 54.96 57.35 53.03 0.27 "Jueves" "Laborable"
"10/09/2014" "18:00" 24.66 24.82 24.54 609.89 689.93 546.46 55.77 57.01 53.3 0.27 "Jueves" "Laborable"
"10/09/2014" "19:00" 24.22 24.54 24.3 491.05 567.7 439.06 56.2 56.74 53.25 0.14 "Jueves" "Laborable"
"10/10/2014" "9:00" 21.51 22.31 22.44 581.57 681.56 558.48 59.97 57.09 54.95 0.27 "Viernes" "Laborable"
"10/10/2014" "10:00" 22.02 22.83 22.87 727.97 829.87 705.5 58.85 57.22 54.78 0.27 "Viernes" "Laborable"
"10/10/2014" "11:00" 22.68 23.21 23.07 832.81 886.63 781.35 58.31 57.57 54.7 0.26 "Viernes" "Laborable"
"10/10/2014" "12:00" 23.37 23.79 22.94 821.65 953.03 849.21 57.1 57.56 54.16 0.3 "Viernes" "Laborable"
"10/10/2014" "13:00" 24.06 24.38 22.75 851.89 962.75 762.8 56.12 57.58 53.19 0.3 "Viernes" "Laborable"
"10/10/2014" "14:00" 24.25 24.41 22.76 637.77 778.18 586.6 54.93 57.22 52.7 0.3 "Viernes" "Laborable"
"10/10/2014" "15:00" 24.34 24.47 22.85 543.51 684.75 484.28 54.02 56.71 52.14 0.3 "Viernes" "Laborable"
"10/10/2014" "16:00" 25.03 25.23 23.49 780.19 919.88 758.54 53.9 57.05 52.22 0.3 "Viernes" "Laborable"
"10/10/2014" "17:00" 25.4 25.18 23.8 771.33 848.91 732.24 53.2 56.52 52.38 0.3 "Viernes" "Laborable"
"10/10/2014" "18:00" 25.08 24.85 23.8 634.76 667.28 609.47 54.03 56.36 52.87 0.3 "Viernes" "Laborable"
"10/10/2014" "19:00" 24.53 24.55 23.46 561.9 600.03 593.78 55.47 56.72 53.62 0.3 "Viernes" "Laborable"
"13/10/2014" "9:00" 21.65 22.04 21.21 636.87 832.73 712.58 61.98 59.72 57.66 0.3 "Lunes" "Laborable"
"13/10/2014" "10:00" 22.29 22.51 21.62 840.42 1040.71 888.7 61.25 59.91 57.33 0.3 "Lunes" "Laborable"
"13/10/2014" "11:00" 22.8 23.02 22.01 774.54 1004.19 956.7 59.82 59.56 56.82 0.3 "Lunes" "Laborable"
"13/10/2014" "12:00" 23.18 23.2 22.06 925.7 982.69 795.17 59.68 59.43 56.24 0.3 "Lunes" "Laborable"
"13/10/2014" "13:00" 23.58 23.47 22.33 763.66 929.14 834.98 57.95 59.1 56.08 0.3 "Lunes" "Laborable"
"13/10/2014" "14:00" 23.56 23.62 22.41 673.66 844.2 878.81 57.34 58.64 55.89 0.3 "Lunes" "Laborable"
"13/10/2014" "15:00" 23.7 23.66 22.43 763.69 953.32 923.51 57.01 58.82 55.87 0.3 "Lunes" "Laborable"
"13/10/2014" "16:00" 24.08 23.82 22.68 801.92 1006.38 1000.1 55.92 58.46 55.68 0.3 "Lunes" "Laborable"
"13/10/2014" "17:00" 24.23 23.97 22.92 600.64 732.7 758.59 52.78 56.63 54.26 0.3 "Lunes" "Laborable"
"13/10/2014" "18:00" 24.16 23.71 22.87 627.31 667.5 704.81 51.45 55.09 53.53 0.3 "Lunes" "Laborable"
"13/10/2014" "19:00" 23.64 23.62 22.76 690.92 771.35 882.19 53.99 55.71 54.91 0.3 "Lunes" "Laborable"
"14/10/2014" "9:00" 22.06 22.56 21.41 744.09 759.06 511.5 55.02 55 51.6 4 "Martes" "Laborable"
"14/10/2014" "10:00" 22.93 23.22 22.12 713.65 828.47 610.08 51.46 54 50.52 6 "Martes" "Laborable"
"14/10/2014" "11:00" 23.18 23.35 22.2 701.28 875.4 717.98 50.09 53.74 50.35 0.27 "Martes" "Laborable"
"14/10/2014" "12:00" 23.31 23.18 21.87 889.95 929.41 717.68 51.16 54.56 51.08 0.27 "Martes" "Laborable"
"14/10/2014" "13:00" 23.55 23.52 21.78 830.12 835.79 591.65 51.31 55.06 50.76 0.27 "Martes" "Laborable"
"14/10/2014" "14:00" 23.72 23.99 21.93 641.08 721.31 491.16 51.64 55.32 50.33 0.27 "Martes" "Laborable"
"14/10/2014" "15:00" 24.14 24.34 22.32 689.82 726.23 487.36 51.84 55.46 50.27 0.27 "Martes" "Laborable"
"14/10/2014" "16:00" 24.65 24.76 22.75 687.96 741.54 475.22 51.55 55.37 50.06 0.27 "Martes" "Laborable"
"14/10/2014" "17:00" 25.22 25.2 23.18 799.97 847.24 586.78 51.48 55.74 50.31 0.27 "Martes" "Laborable"
"14/10/2014" "18:00" 25.27 24.83 23.21 714.29 808.84 523.72 51.56 55.81 51 7 "Martes" "Laborable"
"14/10/2014" "19:00" 24.64 24.19 23.04 510.65 635.16 436.85 53.05 55.81 52.54 0.14 "Martes" "Laborable"
"15/10/2014" "9:00" 23.92 24.31 23.41 468.04 599.76 459.65 60.98 58.07 54.85 0.27 "Miércoles" "Laborable"
"15/10/2014" "10:00" 24.27 24.47 23.44 617.11 803.77 677.34 60.68 58.97 55.83 0.27 "Miércoles" "Laborable"
"15/10/2014" "11:00" 24.66 24.6 23.55 673.62 882.9 724.78 62.27 60.05 56.68 0.27 "Miércoles" "Laborable"
"15/10/2014" "12:00" 25 24.61 23.57 812.06 977.93 787.58 61.81 60.88 57.69 7 "Miércoles" "Laborable"
"15/10/2014" "13:00" 25.18 24.67 23.69 685.55 847.11 663.4 62.08 61.33 58.29 0.27 "Miércoles" "Laborable"
"15/10/2014" "14:00" 25.21 24.93 23.9 610.46 763.63 597.07 62.74 61.56 58.42 0.27 "Miércoles" "Laborable"
"15/10/2014" "15:00" 25.6 25.32 23.91 765.47 920.08 700.54 62.46 62.66 58.41 0.27 "Miércoles" "Laborable"
"15/10/2014" "16:00" 25.99 25.48 24.09 821.61 978.99 727.31 61.94 62.63 58.22 0.27 "Miércoles" "Laborable"
"15/10/2014" "17:00" 26.06 25.47 24.09 693.57 836.27 642.56 61.65 62.24 58.23 0.27 "Miércoles" "Laborable"
"15/10/2014" "18:00" 26.15 25.7 24.44 677.77 772.19 535.38 60 60.85 57.11 7 "Miércoles" "Laborable"
"15/10/2014" "19:00" 25.58 25.25 24.38 536.04 686.81 458.15 60.93 60.04 56.95 0.14 "Miércoles" "Laborable"
"16/10/2014" "9:00" 24.16 24.55 23.73 513.43 713.81 645.56 59.93 58.59 56.56 0.27 "Jueves" "Laborable"
"16/10/2014" "10:00" 24.53 24.75 23.88 573.06 767.39 711.42 58.82 58.43 56.52 0.27 "Jueves" "Laborable"
"16/10/2014" "11:00" 24.74 24.82 23.86 582.59 775.38 701.98 59.1 58.88 56.65 0.27 "Jueves" "Laborable"
"16/10/2014" "12:00" 25.02 24.87 23.86 761.46 912.74 791.58 60.05 59.87 57.3 0.27 "Jueves" "Laborable"
"16/10/2014" "13:00" 25.2 25.05 24.1 525.31 702.53 663.33 59.44 59.61 57.21 0.27 "Jueves" "Laborable"
"16/10/2014" "14:00" 25.03 24.98 23.97 522.03 650.52 597.63 60.36 60.05 57.48 0.27 "Jueves" "Laborable"
"16/10/2014" "15:00" 25.14 25.08 24.06 568.75 771.32 697.49 60.32 60.26 57.57 0.27 "Jueves" "Laborable"
"16/10/2014" "16:00" 25.36 25.11 24.23 552.4 720.67 647.74 59.38 59.91 57.43 0.27 "Jueves" "Laborable"
"16/10/2014" "17:00" 25.33 25.03 24.1 791.88 854.17 656.86 60.21 60.18 57.36 0.26 "Jueves" "Laborable"
"16/10/2014" "18:00" 25.35 25.31 24.25 647.54 840.62 772.27 57.7 58.96 56.67 0.29 "Jueves" "Laborable"
"16/10/2014" "19:00" 25.01 25.24 24.06 657.51 799.35 727.85 58.54 58.76 55.81 0.15 "Jueves" "Laborable"
"17/10/2014" "9:00" 24.63 25.14 23.98 526.87 618.74 516.99 62.32 59.98 56.2 0.27 "Viernes" "Laborable"
"17/10/2014" "10:00" 24.88 24.83 23.79 738.25 840.8 732.65 61.14 60.19 56.82 0.27 "Viernes" "Laborable"
"17/10/2014" "11:00" 25.09 24.95 23.83 811.77 887.59 753.76 60.48 60.07 56.67 0.27 "Viernes" "Laborable"
"17/10/2014" "12:00" 25.49 25.32 24.09 745.07 836.9 679.47 59.54 59.88 56.12 0.27 "Viernes" "Laborable"
"17/10/2014" "13:00" 25.84 25.74 24.29 669.69 767.97 633.56 58.97 59.81 55.62 0.27 "Viernes" "Laborable"
"17/10/2014" "14:00" 25.94 25.96 24.3 692.61 723.8 482.79 59.38 59.97 55.12 0.27 "Viernes" "Laborable"
"17/10/2014" "15:00" 26.32 26.43 24.48 693.11 723.96 499.22 59.49 60.22 54.7 0.27 "Viernes" "Laborable"
"17/10/2014" "16:00" 26.57 26.55 24.62 716.4 740.97 563.78 60.39 60.87 55.64 0.27 "Viernes" "Laborable"
"17/10/2014" "17:00" 27.07 26.96 25.03 693.01 661.3 434.19 59.2 60.2 54.6 0.27 "Viernes" "Laborable"
"17/10/2014" "18:00" 27.39 27.34 25.39 662.25 660.88 466.61 58.08 59.38 53.99 0.27 "Viernes" "Laborable"
"17/10/2014" "19:00" 27.05 27.04 25.31 505.95 568.98 384.93 57.74 58.76 53.97 0.14 "Viernes" "Laborable"
"20/10/2014" "9:00" 24.79 25.45 24.56 598.55 719.41 633.65 58.22 56.98 54.49 0.27 "Lunes" "Laborable"
"20/10/2014" "10:00" 25.14 25.5 24.56 660.62 834.41 727.76 57.87 57.25 54.86 0.27 "Lunes" "Laborable"
"20/10/2014" "11:00" 25.54 25.73 24.64 752.64 911.09 755.43 58.31 58.15 55.28 0.27 "Lunes" "Laborable"
"20/10/2014" "12:00" 26.06 26.1 24.93 778.25 859.01 619.17 57.76 58.36 54.75 0.26 "Lunes" "Laborable"
"20/10/2014" "13:00" 26.42 26.47 25.13 750.1 760.48 538.02 57.49 58.54 54.59 0.26 "Lunes" "Laborable"
"20/10/2014" "14:00" 26.81 27.28 25.47 676.6 727.36 543.81 57.67 58.75 53.72 0.26 "Lunes" "Laborable"
"20/10/2014" "15:00" 27.25 27.96 25.91 709.63 726.74 572.79 53.43 57.15 50.88 2.19 "Lunes" "Laborable"
"20/10/2014" "16:00" 26.6 27.17 25.32 924.57 811.4 769.99 45.03 54.88 46.68 3.92 "Lunes" "Laborable"
"20/10/2014" "17:00" 26.09 25.92 24.64 1066.5 1039.36 892.91 45.1 51.67 47.12 3.15 "Lunes" "Laborable"
"20/10/2014" "18:00" 25.85 25.47 24.57 945.01 950.07 808.22 52.77 54.83 52.56 1.12 "Lunes" "Laborable"
"20/10/2014" "19:00" 25.86 25.9 24.84 775.53 803.87 660.1 56.48 57.24 53.72 0.7 "Lunes" "Laborable"
"21/10/2014" "9:00" 25.44 26.04 24.99 801.18 888.49 744.9 58.87 57.15 54.14 0.27 "Martes" "Laborable"
"21/10/2014" "10:00" 25.76 26.22 25.03 934.63 980.24 868.99 58.19 57.35 54.42 0.27 "Martes" "Laborable"
"21/10/2014" "11:00" 26.05 26.47 25.23 945.06 1010.1 882.9 57.67 57.45 54.34 0.27 "Martes" "Laborable"
"21/10/2014" "12:00" 26.21 26.71 25.32 942.55 1023.32 885.75 55.07 56.08 52.6 1.26 "Martes" "Laborable"
"21/10/2014" "13:00" 25.9 26.31 24.87 964.68 981.07 846.12 56.75 57.55 53.79 1.28 "Martes" "Laborable"
"21/10/2014" "14:00" 25.91 26.3 24.93 755.2 855.81 719.68 59.05 59.43 55.81 0.73 "Martes" "Laborable"
"21/10/2014" "15:00" 25.79 26.1 24.81 727.79 800.16 662.27 57.42 57.85 54.24 1.46 "Martes" "Laborable"
"21/10/2014" "16:00" 26.03 25.91 24.77 889.56 1036.29 909.47 55.73 56.87 53.79 0.11 "Martes" "Laborable"
"21/10/2014" "17:00" 26.62 26.56 25.32 924.02 1024.22 886.03 57 59.07 55.96 0.3 "Martes" "Laborable"
"21/10/2014" "18:00" 26.6 26.58 25.45 799.89 850.05 729.28 53.53 57 54.19 1 "Martes" "Laborable"
"21/10/2014" "19:00" 26.16 26.5 25.39 665.98 741.83 666.58 54.93 56.81 53.45 0.16 "Martes" "Laborable"
"22/10/2014" "9:00" 23.56 24.26 23.34 723.51 759.61 671.51 59.2 56.38 54.34 0.31 "Miércoles" "Laborable"
"22/10/2014" "10:00" 24 24.56 23.47 776.57 785.34 679.19 57.37 56.12 53.74 1 "Miércoles" "Laborable"
"22/10/2014" "11:00" 24.45 24.96 23.96 754.37 829.78 704.51 56.24 56.04 53.49 0.31 "Miércoles" "Laborable"
"22/10/2014" "12:00" 24.96 25.5 24.36 800.6 893.59 737.93 55.76 56.08 53.03 0.31 "Miércoles" "Laborable"
"22/10/2014" "13:00" 25.55 26.35 24.77 704.13 896.9 781.1 54.74 56.13 52.21 0.31 "Miércoles" "Laborable"
"22/10/2014" "14:00" 26.17 27.29 25.27 787.68 949.38 801.63 54.36 56.17 51.3 0.3 "Miércoles" "Laborable"
"22/10/2014" "15:00" 26.55 27.66 25.49 883.86 919.14 849.83 50.28 55.03 48.69 2.49 "Miércoles" "Laborable"
"22/10/2014" "16:00" 25.99 26.97 24.97 1027.58 875.94 908.99 44.71 53.27 45.64 3.87 "Miércoles" "Laborable"
"22/10/2014" "17:00" 25.89 26.81 24.85 877.08 749.78 725.35 44.78 53.57 46.75 3.58 "Miércoles" "Laborable"
"22/10/2014" "18:00" 25.85 26.43 24.66 863.15 803.7 727.23 44.69 52.49 46.04 3.58 "Miércoles" "Laborable"
"22/10/2014" "19:00" 25.38 25.41 24.33 760.16 794.23 635.59 47.39 51.91 47.85 1.56 "Miércoles" "Laborable"
"23/10/2014" "9:00" 24.59 25.66 24.44 718.43 757.25 603.52 52.04 52.56 49.35 0.27 "Jueves" "Laborable"
"23/10/2014" "10:00" 24.74 25.76 24.57 736.28 824.72 707.95 47.68 50.63 47.83 0.27 "Jueves" "Laborable"
"23/10/2014" "11:00" 25.06 26.01 24.63 816.13 913.29 765.15 48.63 51.55 48.43 0.27 "Jueves" "Laborable"
"23/10/2014" "12:00" 25.5 26.47 24.9 773.04 920.98 780.99 47 51.05 47.67 7 "Jueves" "Laborable"
"23/10/2014" "13:00" 25.91 27.06 25.2 727.23 924.83 780.42 45.82 51.08 47.1 0.89 "Jueves" "Laborable"
"23/10/2014" "14:00" 25.09 26.49 24.67 834.21 848.58 718.95 44.56 49.49 44.94 3.7 "Jueves" "Laborable"
"23/10/2014" "15:00" 24.97 26.5 24.52 859.75 796.44 773.9 44.91 49.95 45.24 2.76 "Jueves" "Laborable"
"23/10/2014" "16:00" 25.02 26.42 24.43 884.69 797.61 805.46 43.01 49.74 44.35 3.64 "Jueves" "Laborable"
"23/10/2014" "17:00" 25.17 26.24 24.31 1004.44 866.39 906.52 43.26 50.98 44.93 3.6 "Jueves" "Laborable"
"23/10/2014" "18:00" 25.01 25.58 24.1 1062.64 1011.79 962.82 43.93 51.43 45.74 2.97 "Jueves" "Laborable"
"23/10/2014" "19:00" 24.95 25.34 24.22 914.16 865.98 795.83 50.78 53.5 50.11 0.61 "Jueves" "Laborable"
"24/10/2014" "9:00" 24.81 25.44 24.48 768.22 785 613.61 56.82 55.6 52.97 7 "Viernes" "Laborable"
"24/10/2014" "10:00" 25.3 25.57 24.66 864.21 850.36 680.95 55.87 55.65 53.06 0.26 "Viernes" "Laborable"
"24/10/2014" "11:00" 25.7 25.93 25.06 853.79 882.05 718.08 54.52 55.27 52.76 0.26 "Viernes" "Laborable"
"24/10/2014" "12:00" 26.14 26.62 25.42 676.04 899.61 816.8 52.82 54.87 51.89 0.26 "Viernes" "Laborable"
"24/10/2014" "13:00" 26.3 26.9 25.52 848.17 951.99 829.26 50.21 53.67 49.59 2.4 "Viernes" "Laborable"
"24/10/2014" "14:00" 25.32 25.76 24.68 937.37 938.16 814.48 45.47 51.49 46.83 3.61 "Viernes" "Laborable"
"24/10/2014" "15:00" 25.13 25.49 24.33 1028.93 994.33 898.68 44.58 50.19 46.34 3.41 "Viernes" "Laborable"
"24/10/2014" "16:00" 24.94 24.69 24.08 1110.75 1087.9 940.98 45.34 49.55 47.89 2.54 "Viernes" "Laborable"
"24/10/2014" "17:00" 24.86 24.59 24.05 939.68 942.31 765.53 49.76 51.87 50.52 1.36 "Viernes" "Laborable"
"24/10/2014" "18:00" 24.97 25.2 24.28 664.25 640.04 426.93 53.62 54.21 51.71 0.3 "Viernes" "Laborable"
"24/10/2014" "19:00" 25.2 25.5 24.58 532.03 549.08 359.19 53.28 53.92 51.44 0.16 "Viernes" "Laborable"
"27/10/2014" "9:00" 23.82 25.11 23.88 622.65 706.11 603.84 56.62 55.17 52.69 0.3 "Lunes" "Laborable"
"27/10/2014" "10:00" 24.5 25.54 24.12 731.27 783.43 545.27 55.82 55.23 51.52 0.3 "Lunes" "Laborable"
"27/10/2014" "11:00" 25.01 26.05 24.4 769.85 766.12 518.15 55.36 55.43 51.09 0.3 "Lunes" "Laborable"
"27/10/2014" "12:00" 25.71 26.72 24.82 681.68 741.17 603.38 54.8 55.61 50.93 0.3 "Lunes" "Laborable"
"27/10/2014" "13:00" 26.48 27.24 25.1 692.85 605.22 445.82 53.13 54.55 49.48 0.3 "Lunes" "Laborable"
"27/10/2014" "14:00" 26.99 27.72 25.42 528.84 559.89 427.7 49.58 53.22 48.08 0.65 "Lunes" "Laborable"
"27/10/2014" "15:00" 26.51 27.17 24.69 698.27 761.72 613.35 45.18 50.39 45.64 3.59 "Lunes" "Laborable"
"27/10/2014" "16:00" 26.3 26.84 24.73 784.44 767.96 655.26 43.09 49.36 44.67 3.6 "Lunes" "Laborable"
"27/10/2014" "17:00" 26.21 26.22 24.73 863.56 810.9 739.3 44.42 50.09 46.18 1.2 "Lunes" "Laborable"
"27/10/2014" "18:00" 26.56 26.61 25.13 836.23 826.02 654.9 48.26 52.42 48.59 0.3 "Lunes" "Laborable"
"27/10/2014" "19:00" 26.5 26.8 25.38 604.66 662.92 449.12 50.12 53.09 49.54 0.3 "Lunes" "Laborable"
"28/10/2014" "9:00" 25.58 26.36 25.23 615.95 689.41 494.61 51.85 53.12 49.46 0.3 "Martes" "Laborable"
"28/10/2014" "10:00" 25.96 26.57 25.45 708.54 697.75 477.23 51.18 52.58 48.93 0.3 "Martes" "Laborable"
"28/10/2014" "11:00" 26.47 27.08 25.83 628.43 711.67 683.74 49.53 52.55 49.67 0.3 "Martes" "Laborable"
"28/10/2014" "12:00" 26.99 27.58 26.06 752.1 846.48 822.24 49.27 52.91 49.59 0.3 "Martes" "Laborable"
"28/10/2014" "13:00" 27.64 28.39 26.57 664.05 815.05 804.33 47.59 52.56 48.55 0.5 "Martes" "Laborable"
"28/10/2014" "14:00" 26.72 27.98 26.08 819.27 805.78 740.65 42.29 49.1 44.04 3.83 "Martes" "Laborable"
"28/10/2014" "15:00" 26.2 27.42 25.59 868.7 841.85 765.04 41.62 47.85 43.39 3.64 "Martes" "Laborable"
"28/10/2014" "16:00" 26.09 27.1 25.51 952.77 895.25 852.35 41.02 47.96 43.67 3.6 "Martes" "Laborable"
"28/10/2014" "17:00" 26.06 26.81 25.32 986.21 994.19 824.5 40.92 46.92 43.57 3.62 "Martes" "Laborable"
"28/10/2014" "18:00" 25.74 25.66 24.92 827.47 864.26 676.28 40.62 46.42 44.3 3.55 "Martes" "Laborable"
"28/10/2014" "19:00" 25.01 24.9 24.56 677.21 684.16 522.54 43.01 47.74 46.26 1.26 "Martes" "Laborable"
"29/10/2014" "9:00" 24.87 25.92 24.83 690.98 807.93 689.64 51.98 52.84 50.34 0.3 "Miércoles" "Laborable"
"29/10/2014" "10:00" 24.93 25.93 24.7 835 870.31 711.56 51.57 52.89 49.92 5 "Miércoles" "Laborable"
"29/10/2014" "11:00" 24.89 25.78 24.58 761.79 795.12 603.02 51.85 52.94 50.16 1.23 "Miércoles" "Laborable"
"29/10/2014" "12:00" 24.86 25.8 24.54 681.34 734.59 580.39 52.19 53.57 50.59 1.13 "Miércoles" "Laborable"
"29/10/2014" "13:00" 24.94 25.76 24.37 779.3 770.72 675.07 50.59 53.34 49.58 2.33 "Miércoles" "Laborable"
"29/10/2014" "14:00" 25.37 26.27 24.65 548.35 646.09 609.43 53.52 54.69 51.68 0.39 "Miércoles" "Laborable"
"29/10/2014" "15:00" 25.94 27.17 25.09 760.11 736.29 664.57 50.72 53.83 48.87 2.25 "Miércoles" "Laborable"
"29/10/2014" "16:00" 25.96 27.01 24.99 1006.56 982.25 856.66 46.34 50.81 46.33 2.83 "Miércoles" "Laborable"
"29/10/2014" "17:00" 25.95 26.78 24.93 985.89 977.66 868.54 45.01 50.09 45.91 2.71 "Miércoles" "Laborable"
"29/10/2014" "18:00" 25.9 26.13 24.79 893.49 881.29 770.6 48.35 51.37 48.77 1.44 "Miércoles" "Laborable"
"29/10/2014" "19:00" 25.8 26.1 24.9 713.71 700.45 568.85 52.14 53.49 50.88 0.15 "Miércoles" "Laborable"
"30/10/2014" "9:00" 24.24 25.61 24.44 455.04 588.82 539.45 51.5 52.5 50.3 0.3 "Jueves" "Laborable"
"30/10/2014" "10:00" 24.84 26.01 24.66 487.32 652.66 623.78 50.22 52.39 49.96 0.31 "Jueves" "Laborable"
"30/10/2014" "11:00" 25.45 26.38 24.94 469.05 693.1 614.45 50.01 52.59 49.5 0.31 "Jueves" "Laborable"
"30/10/2014" "12:00" 25.89 27.03 25.21 611.61 742.06 665.27 50.09 52.87 48.9 1.13 "Jueves" "Laborable"
"30/10/2014" "13:00" 25.93 27.13 24.95 734.41 739.92 631 50.51 53.46 48.76 2 "Jueves" "Laborable"
"30/10/2014" "14:00" 25.93 27.15 24.86 672.6 699.83 562.98 48.83 52.53 47.47 2.49 "Jueves" "Laborable"
"30/10/2014" "15:00" 25.99 27.15 24.85 686.27 687.26 581.37 45.12 50.93 45.59 3.8 "Jueves" "Laborable"
"30/10/2014" "16:00" 26.06 27.2 24.94 852.44 741.88 738.87 42.55 50.11 44.17 3.39 "Jueves" "Laborable"
"30/10/2014" "17:00" 26.23 27.11 25.02 871.33 744.91 766.61 42.44 50.35 44.71 3.5 "Jueves" "Laborable"
"30/10/2014" "18:00" 25.96 26.25 24.74 887.57 806.26 786.66 44.95 51.69 46.85 2.4 "Jueves" "Laborable"
"30/10/2014" "19:00" 25.84 26.12 24.79 665.63 641.16 546.18 52.68 54.62 51.81 0.34 "Jueves" "Laborable"
"31/10/2014" "9:00" 24.92 26.12 24.75 483.44 625.91 564.34 46.36 50.15 47.96 0.31 "Viernes" "Laborable"
"31/10/2014" "10:00" 25.52 26.37 24.96 567.2 663.2 579.97 46.29 50.26 47.65 0.31 "Viernes" "Laborable"
"31/10/2014" "11:00" 25.82 26.55 25.1 552.1 634.21 537.38 46.67 50.52 47.66 0.54 "Viernes" "Laborable"
"31/10/2014" "12:00" 25.99 26.53 24.89 672.34 674.37 546 47.87 51.6 48.31 7 "Viernes" "Laborable"
"31/10/2014" "13:00" 25.94 26.27 24.6 662.86 698.94 548.43 49.04 52.92 49.51 1.31 "Viernes" "Laborable"
"31/10/2014" "14:00" 26.02 26.29 24.7 609.13 646.39 504.87 50.18 53.59 50.1 0.33 "Viernes" "Laborable"
"31/10/2014" "15:00" 26.67 26.81 25.12 713.15 805.97 588.26 50.19 53.92 50.03 0.3 "Viernes" "Laborable"
"31/10/2014" "16:00" 27 27.04 25.58 765.64 790.4 629.26 50.66 54.02 50.63 0.3 "Viernes" "Laborable"
"31/10/2014" "17:00" 27.2 27.02 25.87 734.95 770.48 703.61 51.72 54.95 52.74 0.3 "Viernes" "Laborable"
"31/10/2014" "18:00" 26.69 26.73 25.72 666.46 706.3 580.59 53.59 55.32 52.85 0.3 "Viernes" "Laborable"
"31/10/2014" "19:00" 26.01 26.36 25.41 522.27 597.42 475.66 54.92 54.95 52.42 0.3 "Viernes" "Laborable"
